864691134886828794
864691135115269785
864691135134585248
864691135134695328
864691135135019168
864691135136312089
864691135157210468
864691135279848865
864691135304679079
864691135305383591
864691135308295238
864691135324437916
864691135343601093
864691135384344043
864691135388675969
864691135389004929
864691135389122689
864691135389195393
864691135395833333
864691135397023777
864691135430131760
864691135464928318
864691135465955397
864691135466025285
864691135466236229
864691135466283333
864691135468161164
864691135468854156
864691135469215372
864691135469422674
864691135469753426
864691135470787666
864691135489677882
864691135503367517
864691135511316745
864691135511324169
864691135511802576
864691135511861968
864691135517376211
864691135517531786
864691135518283475
864691135518453642
864691135518510218
864691135520064650
864691135566979927
864691135585266808
864691135591041291
864691135591533579
864691135591725067
864691135591726603
864691135592276491
864691135592283403
864691135592830731
864691135592837899
864691135595040043
864691135655521986
864691135701340194
864691135717457946
864691135719761713
864691135720061233
864691135720245297
864691135720638769
864691135724393131
864691135725779883
864691135725838763
864691135725842603
864691135727278655
864691135741684075
864691135764015926
864691135773074683
864691135773208651
864691135773240571
864691135773640699
864691135773724747
864691135773731403
864691135773910603
864691135774053371
864691135774127611
864691135774389755
864691135782278224
864691135852558279
864691135852637127
864691135853088967
864691135853090503
864691135853198023
864691135855860782
864691135857099310
864691135857976366
864691135857993774
864691135861182824
864691135877954899
864691135938629892
864691135941293057
864691135941300993
864691135941549825
864691135941708033
864691135941829121
864691135941886118
864691135941956865
864691135941975974
864691135942120449
864691135943593332
864691135976063855
864691136011485614
864691136022090744
864691136022214648
864691136023889209
864691136023980601
864691136025333561
864691136025504569
864691136025913913
864691136025992761
864691136026013497
864691136033794747
864691136066631832
864691136120159768
864691136123919654
864691136136766845
864691136136778621
864691136137064075
864691136137140093
864691136137210507
864691136137237899
864691136137293195
864691136137794941
864691136137834877
864691136138779517
864691136196932172
864691136299026971
864691136310966106
864691136313406781
864691136314078013
864691136314120765
864691136314126653
864691136314250813
864691136314404669
864691136314457149
864691136314473021
864691136314485053
864691136331247338
864691136372954248
864691136380264149
864691136381294805
864691136452447743
864691136452609023
864691136484972332
864691136485007404
864691136488414994
864691136488446226
864691136488621842
864691136488999186
864691136489080850
864691136489147922
864691136489262866
864691136523288465
864691136596901026
864691136603221201
864691136603935441
864691136618795227
864691136619828877
864691136725353725
864691136914541041
864691136925008100
864691136953197279
864691136953413599
864691136953677535
864691136953873631
864691136953976287
864691136954019039
864691136954028511
864691136954050527
864691136966189518
864691136968109774
864691137055290998
864691137055712630
864691137056216950
864691137056393846
864691137198844737
