864691134887239162
864691134949597180
864691135060784027
864691135060911771
864691135065027652
864691135101656096
864691135102073888
864691135102396704
864691135105832269
864691135106408781
864691135106412109
864691135119335645
864691135119678429
864691135119678941
864691135157567332
864691135164836397
864691135183968002
864691135196456490
864691135234815577
864691135277224421
864691135281091489
864691135293885366
864691135305496231
864691135305512871
864691135308912454
864691135308927302
864691135308961606
864691135309022022
864691135325492892
864691135343765681
864691135351159255
864691135356637647
864691135356665807
864691135357320911
864691135361032024
864691135362148935
864691135368979961
864691135384203226
864691135387901525
864691135387945813
864691135388363393
864691135388514689
864691135398767137
864691135398774817
864691135405609454
864691135431633200
864691135442718280
864691135466212933
864691135477268288
864691135480702150
864691135480803014
864691135492225127
864691135499317779
864691135503556930
864691135517917907
864691135527691867
864691135544366632
864691135562318305
864691135566934039
864691135570165484
864691135570170266
864691135573209893
864691135577607454
864691135577644318
864691135577718046
864691135586163064
864691135587086972
864691135592972811
864691135593108235
864691135593907263
864691135595978283
864691135611692295
864691135615831499
864691135662765296
864691135685030130
864691135689341408
864691135699321109
864691135701636386
864691135717180698
864691135732369081
864691135739558513
864691135742370411
864691135764053814
864691135773645899
864691135774346571
864691135778527149
864691135783192656
864691135783317840
864691135787578308
864691135811472076
864691135817889359
864691135850040926
864691135866537342
864691135875764366
864691135875799694
864691135878560595
864691135885609328
864691135886173552
864691135891847561
864691135892146569
864691135917217894
864691135939094020
864691135939102980
864691135939515652
864691135941371046
864691135941519361
864691135942024705
864691135942163457
864691135943534196
864691135954702627
864691135971164005
864691135989086467
864691135993650113
864691135996657066
864691135997428394
864691135997574570
864691136007120842
864691136010541996
864691136010920366
864691136022388472
864691136026021433
864691136033989051
864691136034369211
864691136041437182
864691136053635571
864691136058607320
864691136101829237
864691136118288804
864691136120735000
864691136176885510
864691136177725958
864691136196112104
864691136196275688
864691136239863868
864691136275123134
864691136298097435
864691136298356507
864691136299083547
864691136311722074
864691136324937182
864691136330665194
864691136364261346
864691136378487159
864691136392130687
864691136438445982
864691136453344255
864691136484548908
864691136489157394
864691136523476881
864691136523497617
864691136596445602
864691136603604177
864691136619043547
864691136725397501
864691136906003634
864691136927622474
864691136953944031
864691137056249206
864691137056262774
